								
								
Up=40%								
Grup tasques 0	T_i	C_i		Phi_i		U_p(i)		
Px_00	55,0000	13,75		25,17000		0,25		
Px_01	66,0000	6,6		43,65000		0,1		
Px_02	77,0000	11,55		62,87000		0,15				
								
Grup tasques 1	T_i	C_i		Phi_i		U_p		
Px_10	55,0000	7,15		52,9600		0,13		
Px_11	67,9412	4,756		60,3300		0,07		
Px_12	72,1875	14,4375		22,6500		0,2			
								
Grup tasques 2	T_i	C_i		Phi_i		U_p		
Px_20	55,0000	17,6		12,8800		0,32		
Px_21	66,0000	2,64		5,1200		0,04		
Px_22	67,9412	2,7176		52,4300		0,04				
								
Grup tasques 3	T_i	C_i		Phi_i		U_p		
Px_30	55,0000	5,5		21,0400		0,1		
Px_31	66,0000	6,6		50,1000		0,1		
Px_32	70,0000	14		56,2100		0,2				
								
Grup tasques 4	T_i	C_i		Phi_i		U_p		
Px_40	55,0000	3,3		16,2800		0,06		
Px_41	62,4324	14,3595		6,4600		0,23		
Px_42	79,6552	8,7621		12,1400		0,11		
								
Grup tasques 5	T_i	C_i		Phi_i		U_p		
Px_50	55,0000	4,4		2,6900		0,08		
Px_51	66,0000	7,26		50,2700		0,11		
Px_52	72,1875	3,1835		23,0800		0,21		
								
Grup tasques 6	T_i	C_i		Phi_i		U_p		
Px_60	55,0000	3,3		15,4800		0,06		
Px_61	59,2308	1,7769		44,7900		0,03		
Px_62	72,1875	22,3781		22,1300		0,31		
								
Grup tasques 7	T_i	C_i		Phi_i		U_p		
Px_70	55,0000	2,75		52,1500		0,05		
Px_71	59,2308	5,9231		24,4600		0,1		
Px_72	67,9412	16,9853		38,3000		0,25		
								
Grup tasques 8	T_i	C_i		Phi_i		U_p		
Px_80	55,0000	12,1		39,9200		0,22		
Px_81	67,9412	8,1529		14,6200		0,12		
Px_82	115,5000	6,93		7,3500		0,06		
								
Grup tasques9	T_i	C_i		Phi_i		U_p		
Px_90	55,0000	2,2		34,0000		0,04		
Px_91	67,9412	2,7176		1,7700		0,04		
Px_92	70,0000	22,4		52,6200		0,32		
								
Servers	T_s	C_s						
DS	55	30,3						
SS	55	30,3						
PE	55	30,3
PS	55	30,3
								
								
								
								
Up=60%								
Grup tasques 0	T_i	C_i		Phi_i		U_p(i)
Py_00	55	22		25,17		0,4
Py_01	66	6,6		43,65		0,1
Py_02	77	7,7		62,87		0,1
						
Grup tasques 1	T_i	C_i		Phi_i		U_p
Py_10	55	2,2		52,96		0,04
Py_11	67,9412	4,755884		60,33		0,07
Py_12	72,1875	35,371875		22,65		0,49
						
Grup tasques 2	T_i	C_i		Phi_i		U_p
Py_20	55	2,9865		12,88		0,0543
Py_21	66	2,7918		5,12		0,0423
Py_22	67,9412	34,20160008		52,43		0,5034
						
Grup tasques 3	T_i	C_i		Phi_i		U_p
Py_30	55	18,15		21,04		0,33
Py_31	66	3,3		50,1		0,05
Py_32	70	15,4		56,21		0,22
						
Grup tasques 4	T_i	C_i		Phi_i		U_p
Py_40	55	23,1		16,28		0,42
Py_41	62,4324	4,370268		6,46		0,07
Py_42	79,6552	8,762072		12,14		0,11
						
Grup tasques 5	T_i	C_i		Phi_i		U_p
Py_50	55	11		2,69		0,2
Py_51	66	19,8		50,27		0,3
Py_52	72,1875	7,21875		23,08		0,1
						
Grup tasques 6	T_i	C_i		Phi_i		U_p
Py_60	55	2,86		15,48		0,052
Py_61	59,2308	23,69232		44,79		0,4
Py_62	72,1875	10,68375		22,13		0,148
						
Grup tasques 7	T_i	C_i		Phi_i		U_p
Py_70	55	2,75		52,15		0,05
Py_71	59,2308	1,184616		24,46		0,02
Py_72	67,9412	36,008836		38,3		0,53
						
Grup tasques 8	T_i	C_i		Phi_i		U_p
Py_80	55	12,65		39,92		0,23
Py_81	67,9412	20,38236		14,62		0,3
Py_82	115,5	8,085		7,35		0,07
						
Grup tasques9	T_i	C_i		Phi_i		U_p
Py_90	55	16,5		34		0,3
Py_91	67,9412	14,947064		1,77		0,22
Py_92	70	5,6		52,62		0,08
								
Servers	T_s	C_s						
DS	55	19,5						
SS	55	19,5						
PE	55	19,5
PS	55	19,5